1 0.30333333333333334 0.39 0.185 0.2816666666666667
1 0.25333333333333335 0.765 0.2783333333333333 0.185
1 0.6583333333333333 0.1 0.31666666666666665 0.16666666666666666
1 0.555 0.795 0.3333333333333333 0.20166666666666666
1 0.17333333333333334 0.445 0.18333333333333332 0.30833333333333335
1 0.10166666666666667 0.615 0.2 0.23
1 0.06333333333333334 0.35333333333333333 0.10333333333333333 0.19166666666666668
1 0.6066666666666667 0.4066666666666667 0.23333333333333334 0.23333333333333334
1 0.7 0.49833333333333335 0.3383333333333333 0.17333333333333334
1 0.6566666666666666 0.9116666666666666 0.22666666666666666 0.16666666666666666
1 0.9033333333333333 0.16 0.18666666666666668 0.2866666666666667
1 0.32666666666666666 0.14 0.32 0.17833333333333334
1 0.5666666666666667 0.24833333333333332 0.3333333333333333 0.13
1 0.525 0.645 0.3416666666666667 0.12666666666666668