1 0.17833333333333334 0.33666666666666667 0.27666666666666667 0.175
1 0.7966666666666666 0.3616666666666667 0.215 0.16333333333333333
1 0.5133333333333333 0.365 0.295 0.22833333333333333
1 0.165 0.5816666666666667 0.29333333333333333 0.22333333333333333
1 0.5183333333333333 0.5933333333333334 0.295 0.22166666666666668
1 0.795 0.6133333333333333 0.23333333333333334 0.20666666666666667
1 0.3283333333333333 0.8516666666666667 0.315 0.23
1 0.6966666666666667 0.86 0.2866666666666667 0.24333333333333335
1 0.20166666666666666 0.135 0.3 0.2
1 0.5033333333333333 0.14333333333333334 0.31666666666666665 0.21333333333333335
1 0.8033333333333333 0.14833333333333334 0.2866666666666667 0.19166666666666668