1 0.23 0.68 0.23833333333333334 0.5883333333333334
1 0.058333333333333334 0.7983333333333333 0.11333333333333333 0.38666666666666666
1 0.5033333333333333 0.6466666666666666 0.235 0.635
1 0.665 0.7166666666666667 0.2 0.48333333333333334
1 0.9116666666666666 0.7216666666666667 0.175 0.39666666666666667
1 0.36666666666666664 0.2916666666666667 0.17 0.395
1 0.735 0.27 0.19 0.3416666666666667
1 0.5933333333333334 0.16166666666666665 0.195 0.31666666666666665
1 0.25833333333333336 0.12333333333333334 0.18666666666666668 0.24333333333333335
1 0.44 0.08166666666666667 0.11 0.15833333333333333
1 0.9116666666666666 0.10166666666666667 0.12666666666666668 0.2