1 0.36333333333333334 0.6183333333333333 0.195 0.375
1 0.145 0.605 0.16333333333333333 0.2833333333333333
1 0.57 0.5633333333333334 0.16166666666666665 0.30333333333333334
1 0.7383333333333333 0.6416666666666667 0.17333333333333334 0.41833333333333333
1 0.9166666666666666 0.6116666666666667 0.16333333333333333 0.31333333333333335
1 0.9216666666666666 0.08166666666666667 0.13666666666666666 0.15166666666666667
1 0.605 0.25666666666666665 0.15333333333333332 0.265
1 0.21666666666666667 0.24333333333333335 0.125 0.2733333333333333
1 0.3433333333333333 0.22166666666666668 0.12 0.26166666666666666
1 0.7016666666666667 0.05333333333333334 0.08833333333333333 0.09833333333333333
1 0.48 0.25333333333333335 0.14166666666666666 0.26166666666666666