0 0.19166666666666668 0.21166666666666667 0.38333333333333336 0.05
0 0.18666666666666668 0.2833333333333333 0.37166666666666665 0.045
0 0.19 0.37 0.38 0.06
0 0.19166666666666668 0.44333333333333336 0.38333333333333336 0.043333333333333335
0 0.18833333333333332 0.5266666666666666 0.37666666666666665 0.06
0 0.19 0.6033333333333334 0.38 0.05333333333333334
0 0.20166666666666666 0.065 0.4033333333333333 0.05
0 0.18666666666666668 0.6916666666666667 0.37166666666666665 0.06
0 0.18333333333333332 0.7783333333333333 0.365 0.051666666666666666
0 0.18833333333333332 0.8633333333333333 0.37666666666666665 0.06
0 0.19 0.9533333333333334 0.38 0.04666666666666667
0 0.19333333333333333 0.13333333333333333 0.38666666666666666 0.056666666666666664