0 0.41833333333333333 0.3233333333333333 0.535 0.09
0 0.6466666666666666 0.385 0.5833333333333334 0.08
0 0.4033333333333333 0.465 0.565 0.10166666666666667
0 0.58 0.5533333333333333 0.7566666666666667 0.11
0 0.35833333333333334 0.645 0.5283333333333333 0.06833333333333333
0 0.7216666666666667 0.7183333333333334 0.5266666666666666 0.09
0 0.29333333333333333 0.7733333333333333 0.41 0.14833333333333334
0 0.73 0.86 0.5333333333333333 0.12666666666666668
0 0.7266666666666667 0.13833333333333334 0.37166666666666665 0.058333333333333334
0 0.3433333333333333 0.155 0.445 0.07166666666666667
0 0.5683333333333334 0.235 0.73 0.105